Webots Project File version 8.3.0
perspectives: 000000ff00000000fd00000002000000010000030600000316fc0200000001fb0000001400540065007800740045006400690074006f0072010000000000000316000000a900ffffff0000000300000780000000dafc0100000001fb0000000e0043006f006e0073006f006c00650100000000000007800000004f00ffffff000004740000031600000001000000020000000100000008fc00000000
simulationViewPerspectives: 000000ff00000001000000020000016c0000071f0100000006010000000100
sceneTreePerspectives: 000000ff0000000100000002000000c0000001080100000006010000000200
minimizedPerspectives: 
maximizedDockId: -1
centralWidgetVisible: 1
orthographicViewHeight: 1
textFiles: 0 "controllers/reynolds_unlimited/reynolds_unlimited.c" "controllers/supervisor/supervisor.c"
renderingDevicePerspectives: 350;1;1;0.0350649;0.0842466
renderingDevicePerspectives: 624;1;1;0.0350649;0.0842466
renderingDevicePerspectives: 1172;1;1;0.0350649;0.0842466
renderingDevicePerspectives: 898;1;1;0.0350649;0.0842466
renderingDevicePerspectives: 1446;1;1;0.0350649;0.0842466
